i1:
  j_xyz: 0 0 0
  j_rpy: 0 0 0
  l_xyz: 0.0 0 0
  l_rpy: 0 0 0
  l_len: 1
  slide: 1
  shape_origin: 0 -0.5 0
i2:
  j_xyz: 0 0 0
  j_rpy: 1.57079632679 0 1.57079632679
  l_xyz: 0.0 0 0
  l_rpy: 0 0 0
  l_len: 1
  slide: 1
  shape_origin: 0 -0.5 0
i3:
  j_xyz: 0 0 0
  j_rpy: 1.57079632679 0 1.57079632679
  l_xyz: 0.0 0 0
  l_rpy: 0 0 0
  l_len: 1
  slide: 1
  shape_origin: 0 -0.5 0
